  0.000000E+000  0.000000E+000
  0.100000E-002  0.741749E-001
  0.200000E-002  0.815379E-001
  0.300000E-002  0.876621E-001
  0.400000E-002  0.939616E-001
  0.500000E-002  0.100454E+000
  0.600000E-002  0.106957E+000
  0.700000E-002  0.113267E+000
  0.800000E-002  0.119207E+000
  0.900000E-002  0.124628E+000
  0.100000E-001  0.129406E+000
  0.110000E-001  0.133440E+000
  0.120000E-001  0.136643E+000
  0.130000E-001  0.138946E+000
  0.140000E-001  0.140290E+000
  0.150000E-001  0.140631E+000
  0.160000E-001  0.139936E+000
  0.170000E-001  0.138189E+000
  0.180000E-001  0.135390E+000
  0.190000E-001  0.131561E+000
  0.200000E-001  0.126743E+000
  0.210000E-001  0.121007E+000
  0.220000E-001  0.114448E+000
  0.230000E-001  0.107200E+000
  0.240000E-001  0.994331E-001
  0.250000E-001  0.913659E-001
  0.260000E-001  0.832776E-001
  0.270000E-001  0.755223E-001
  0.280000E-001  0.685435E-001
  0.290000E-001  0.628688E-001
  0.300000E-001  0.590509E-001
  0.310000E-001  0.575223E-001
  0.320000E-001  0.584087E-001
  0.330000E-001  0.614541E-001
  0.340000E-001  0.661393E-001
  0.350000E-001  0.718798E-001
  0.360000E-001  0.781582E-001
  0.370000E-001  0.845664E-001
  0.380000E-001  0.907974E-001
  0.390000E-001  0.966243E-001
  0.400000E-001  0.101880E+000
  0.410000E-001  0.106440E+000
  0.420000E-001  0.110215E+000
  0.430000E-001  0.113140E+000
  0.440000E-001  0.115175E+000
  0.450000E-001  0.116297E+000
  0.460000E-001  0.116504E+000
  0.470000E-001  0.115811E+000
  0.480000E-001  0.114253E+000
  0.490000E-001  0.111888E+000
  0.500000E-001  0.108794E+000
  0.510000E-001  0.105076E+000
  0.520000E-001  0.100866E+000
  0.530000E-001  0.963261E-001
  0.540000E-001  0.916472E-001
  0.550000E-001  0.870530E-001
  0.560000E-001  0.827924E-001
  0.570000E-001  0.791282E-001
  0.580000E-001  0.763141E-001
  0.590000E-001  0.745596E-001
  0.600000E-001  0.739922E-001
  0.610000E-001  0.746280E-001
  0.620000E-001  0.763690E-001
  0.630000E-001  0.790272E-001
  0.640000E-001  0.823644E-001
  0.650000E-001  0.861303E-001
  0.660000E-001  0.900892E-001
  0.670000E-001  0.940345E-001
  0.680000E-001  0.977929E-001
  0.690000E-001  0.101224E+000
  0.700000E-001  0.104218E+000
  0.710000E-001  0.106690E+000
  0.720000E-001  0.108582E+000
  0.730000E-001  0.109852E+000
  0.740000E-001  0.110483E+000
  0.750000E-001  0.110473E+000
  0.760000E-001  0.109840E+000
  0.770000E-001  0.108620E+000
  0.780000E-001  0.106867E+000
  0.790000E-001  0.104657E+000
  0.800000E-001  0.102084E+000
  0.810000E-001  0.992624E-001
  0.820000E-001  0.963244E-001
  0.830000E-001  0.934182E-001
  0.840000E-001  0.907010E-001
  0.850000E-001  0.883308E-001
  0.860000E-001  0.864533E-001
  0.870000E-001  0.851876E-001
  0.880000E-001  0.846112E-001
  0.890000E-001  0.847497E-001
  0.900000E-001  0.855733E-001
  0.910000E-001  0.870031E-001
  0.920000E-001  0.889228E-001
  0.930000E-001  0.911949E-001
  0.940000E-001  0.936748E-001
  0.950000E-001  0.962232E-001
  0.960000E-001  0.987132E-001
  0.970000E-001  0.101035E+000
  0.980000E-001  0.103097E+000
  0.990000E-001  0.104829E+000
